0 641400.0
1 391940.819589
2 356754.193524
3 310898.129478
4 308616.590472
5 306755.374559
6 304804.690011
7 303174.711576
8 301678.917196
9 300280.483131
10 299041.724044
11 297829.097757
12 296709.085582
13 295626.815659
14 294589.469351
15 293585.75225
16 292615.086416
17 291662.385591
18 290727.956216
19 289803.559048
20 288891.987479
21 287992.294708
22 287102.227924
23 286220.093592
24 285343.884795
25 284475.559218
26 283614.550746
27 282759.235576
28 281908.108183
29 281060.316215
30 280215.399982
31 279373.125014
32 278534.840171
33 277698.958793
34 276865.575373
35 276033.913668
36 275204.889198
37 274378.03739
38 273554.113653
39 272732.621971
40 271913.289428
41 271095.206075
42 270277.619392
43 269460.564996
44 268644.259356
45 267830.594366
46 267019.240903
47 266209.437609
48 265400.725407
49 264594.826951
50 263796.019321
51 263003.705681
52 262224.523168
53 261469.684576
54 260745.270701
55 260033.716229
56 259349.275888
57 258701.318315
