0 641400.0
1 616844.500368
2 608323.313489
3 588785.605891
4 553290.269134
5 516537.942962
6 496494.630656
7 466552.494721
8 463230.814741
9 445969.870672
10 410602.783944
11 379043.50536
12 353134.638491
13 334787.366769
14 325732.418854
15 319306.782724
16 316090.222467
17 315760.117916
18 315117.452986
19 315449.225668
20 315019.322939
21 313743.945365
22 313871.364681
23 312381.85445
24 312137.599234
25 311572.949902
26 311240.476374
27 311173.034456
28 310905.143183
29 311954.666039
30 313248.874327
31 312589.097656
32 310054.265439
33 311341.341415
34 309244.085743
35 309034.981489
36 309040.536156
37 308625.271017
38 308364.542403
39 308041.660694
40 307829.367454
41 307643.706496
42 308665.742507
43 307446.35865
44 307341.442987
45 307094.040879
46 307200.161206
47 306952.835854
48 307351.105689
49 306720.196036
50 306719.070483
51 306879.717756
52 307568.31687
53 306938.860619
54 306628.7072
55 306483.47881
56 307064.033188
57 305976.522039
58 307182.329229
59 306087.00671
60 307868.879021
61 310844.753586
62 310703.773699
63 310483.796976
64 309224.500116
65 308931.024633
66 307942.02511
67 305234.732815
68 305057.422103
69 305067.729965
70 304560.523715
71 304413.481746
72 304327.800797
73 304116.682855
74 304067.560095
75 306120.307156
76 306512.938189
77 305706.367475
78 303655.773664
79 303050.427929
80 303628.265282
81 304276.46601
82 305172.1933
83 302910.07558
84 302730.378958
85 302592.483362
86 302472.111436
87 302128.820477
88 301920.5494
89 303074.380405
90 303090.516555
91 302281.623518
92 302070.186665
93 301750.759074
94 301488.628754
95 301312.021631
96 301663.874103
97 301970.157858
98 300942.30365
99 301418.8512
100 300863.687331
101 300534.375107
102 300547.951887
103 300293.987638
104 300372.466723
105 300401.670658
106 299820.398823
107 299861.942819
108 300287.630543
109 299881.70237
110 299854.631657
111 300323.433221
112 300740.478451
113 300693.762115
114 299779.489749
115 299525.931061
116 300516.445656
117 300473.352405
118 301543.395015
119 300779.981507
120 299924.460856
121 299202.718012
122 300724.244678
123 299809.303897
124 299455.467981
125 298923.562644
126 298319.149419
127 298458.508843
128 298029.120124
129 297943.852799
130 297645.682532
131 297943.746268
132 297965.279644
133 298728.838515
134 299647.427357
135 299541.504273
136 298855.552308
137 298769.572446
138 297595.365746
139 297175.607786
140 298350.618085
141 299445.212105
142 298788.251101
143 296620.934895
144 296474.961073
145 296402.450667
146 296319.745146
147 296132.167822
148 296238.046389
149 296144.861841
150 295577.38735
151 295383.291308
152 295626.944969
153 295541.709676
154 294977.619717
155 294874.021191
156 294676.740949
157 294585.375923
158 294574.029047
159 294540.452398
160 294671.940909
161 294337.199302
162 294011.752432
163 294140.870661
164 293689.954621
165 294106.588603
166 293454.202649
167 293420.275304
168 293841.252982
169 293977.850876
170 294757.835774
171 294165.813621
172 293137.16449
173 292685.10729
174 292765.054131
175 292529.211712
176 292525.692353
177 292209.533526
178 292731.171491
179 292042.339132
180 292351.037033
181 292120.166083
182 293635.753387
183 293442.191685
184 292744.434857
185 292518.210036
186 292116.503225
187 292276.097583
188 291582.783344
189 291675.210775
190 291485.287073
191 292832.336837
192 294554.667746
193 293306.537306
194 291380.166746
195 291331.334452
196 291465.623526
197 291245.416771
198 291016.090243
199 290846.747872
200 290807.909155
201 290768.58746
202 291037.883874
203 290723.055831
204 291907.76478
205 290979.7457
206 290991.320891
207 290525.411488
208 290909.039497
209 290489.037306
210 289494.594513
211 289458.479727
212 289354.77457
213 289394.537085
214 289597.593983
215 289632.820795
216 289955.718691
217 288991.249806
218 288994.702224
219 289200.96568
220 289216.131202
221 288828.977431
222 288508.989864
223 288685.748346
224 288428.969994
225 289230.066349
226 288691.492198
227 288228.241746
228 288154.209313
229 288304.111066
230 288640.016722
231 288361.481173
232 287903.836947
233 288445.377616
234 289750.09423
235 288847.577279
236 287755.236662
237 287548.480006
238 287948.959056
239 288016.954669
240 288057.344783
241 287636.194233
242 286766.529873
243 286772.219031
244 287217.763677
245 287530.958492
246 287933.497512
247 286877.518844
248 288067.613604
249 288946.825676
250 286993.021944
251 286371.744881
252 285740.944508
253 285685.519461
254 285205.29068
255 285196.512432
256 285156.153487
257 284774.865965
258 284744.362576
259 284743.851787
260 284656.631717
261 284533.333616
262 284350.733779
263 284104.440214
264 284055.83925
265 285119.653272
266 284472.798386
267 284473.002785
268 284132.164623
269 283375.878013
270 283399.9807
271 283635.366759
272 283208.601916
273 283330.48307
274 283186.134896
275 283004.457071
276 283093.552868
277 283112.497761
278 283961.649911
279 284222.318317
280 284462.66959
281 284183.961288
282 284224.220149
283 283479.508366
284 283194.721821
285 282775.737273
286 283184.740631
287 282708.410081
288 282248.850885
289 282025.909732
290 281831.519952
291 281862.157576
292 282067.407804
293 281948.969879
294 282172.305681
295 282037.723615
296 281630.252542
297 281704.407355
298 281317.196528
299 281142.362372
300 280783.616486
301 280653.887416
302 280839.770141
303 280770.543526
304 280551.53961
305 280749.74861
306 280579.677397
307 280403.519667
308 280628.679126
309 279977.210534
310 279789.824398
311 280489.730587
312 281716.038574
313 280454.178452
314 280258.143591
315 281062.564312
316 279489.304781
317 279507.167104
318 279719.318519
319 279163.38161
320 279146.788685
321 279911.288939
322 279748.281618
323 281576.197047
324 280537.291505
325 279720.678169
326 278754.010564
327 278600.527322
328 278379.504743
329 278606.131538
330 278607.207633
331 278526.728147
332 278134.043066
333 277762.117129
334 278100.25952
335 277976.357038
336 277683.710406
337 276914.11739
338 277326.044184
339 276632.022386
340 276454.437569
341 276268.055041
342 276113.055478
343 276381.204388
344 275810.820704
345 275932.83833
346 275752.329349
347 275728.7259
348 275699.666733
349 275590.491288
350 276063.663909
351 277127.192274
352 277722.886894
353 276549.589473
354 276791.836541
355 275629.58309
356 275120.97311
357 274825.597855
358 274718.109038
359 274515.332202
360 274346.820639
361 274340.871624
362 274357.70358
363 274673.412873
364 274493.339542
365 273988.798713
366 273974.481609
367 273973.958176
368 274048.480242
369 273959.157049
370 273727.657808
371 273737.081609
372 273828.972458
373 274427.085215
374 274053.593472
375 273856.040673
376 273821.374694
377 274097.099119
378 273642.456194
379 274015.8028
380 273647.228347
381 275041.578625
382 276077.197435
383 276492.163852
384 276836.071793
385 275745.719812
386 276117.080365
387 275758.95434
388 273722.710578
389 274076.752759
390 273784.110067
391 273280.16761
392 273031.217042
393 273015.580397
394 272868.750966
395 272970.416082
396 273848.292884
397 275027.608
398 274468.107176
399 272960.797222
400 272473.595985
401 273432.49923
402 274873.863761
403 275154.941458
404 273072.795072
405 272331.086216
406 272325.468261
407 272163.043697
408 271738.052999
409 271715.227277
410 272096.278074
411 272325.586234
412 271847.069541
413 271721.540772
414 271513.240544
415 271462.63479
416 271357.292318
417 271505.887507
418 271602.874609
419 271107.361974
420 271152.854355
421 271046.251149
422 270815.951897
423 270772.34314
424 270673.492645
425 270685.817853
426 270642.724933
427 270211.74431
428 270339.960611
429 270322.597313
430 270235.337155
431 270379.749473
432 270609.60161
433 271134.05016
434 271180.519748
435 270863.623283
436 270335.299282
437 271439.344715
438 271388.479235
439 272163.505148
440 271733.125972
441 271102.095859
442 271080.716113
443 272543.635488
444 272070.752189
445 272130.54743
446 271192.740687
447 270260.161166
448 270563.073239
449 269457.645606
450 269145.912029
451 268641.472759
452 269066.60263
453 269177.222875
454 269818.827078
455 270474.226427
456 270773.310987
457 270251.917376
458 270008.907087
459 269066.476603
460 268609.828578
461 269558.183335
462 269793.180483
463 269383.02231
464 267863.448875
465 267712.941821
466 267637.472737
467 267535.626523
468 267365.765482
469 267408.328398
470 267266.817116
471 266938.573086
472 266714.182954
473 266713.616452
474 266630.434895
475 266401.811872
476 266306.600539
477 266134.511312
478 266093.168964
479 266041.329925
480 265854.210939
481 265930.062426
482 265749.068069
483 265609.894635
484 265945.361436
485 265569.779783
486 265827.521127
487 265217.765233
488 265193.621707
489 265577.15602
490 265639.639956
491 266086.454795
492 265922.764942
493 265132.427525
494 264412.703744
495 264372.577249
496 264222.592682
497 264390.598973
498 264043.352803
499 264239.976754
500 263900.343462
501 263994.639067
502 263843.090085
503 264446.486585
504 264500.971546
505 264115.435661
506 264061.304016
507 263842.824507
508 263934.206501
509 263524.741123
510 263649.334665
511 263469.883691
512 264221.978968
513 265678.378441
514 265130.641577
515 263512.495954
516 263348.971966
517 263578.055177
518 263382.07741
519 263080.814473
520 262863.862535
521 262860.115546
522 262915.592829
523 262905.496683
524 262726.77275
525 263246.640149
526 263041.288355
527 263166.957129
528 263010.220891
529 263310.260703
530 263147.275936
531 262103.312315
532 262021.480687
533 261911.077872
534 262027.375061
535 262106.256329
536 262144.75338
537 262153.624733
538 261353.798235
539 261319.101418
540 261443.922926
541 261417.642998
542 261097.832651
543 260965.011435
544 260922.716794
545 260913.678163
546 261450.333847
547 261037.673504
548 260718.924144
549 260621.859195
550 260723.267321
551 260917.26691
552 260699.033951
553 260433.802592
554 260808.219829
555 261702.829682
556 261253.277831
557 260702.761321
558 260435.419113
559 260896.32745
560 260976.814187
561 261256.534054
562 261242.097458
563 260230.987207
564 260135.359655
565 260551.490115
566 260916.751117
567 261992.56463
568 260677.156177
569 261834.7048
570 263065.613507
571 261593.377796
572 260678.270531
573 260120.507737
574 260212.944208
575 259393.825391
576 259355.228011
577 259110.152259
578 258386.352803
579 258480.407668
580 258669.152675
581 258600.733095
582 258303.361516
583 258125.719639
584 257776.898153
585 257601.569153
586 258575.955941
587 258044.771107
588 258254.190359
589 257825.6397
590 257002.804915
591 257088.373878
592 257422.217345
593 257044.849667
594 257144.078652
595 256996.56982
596 256843.304521
597 256899.514247
598 257040.373724
599 257685.282777
600 257666.464616
601 257805.13447
602 257864.602271
603 257889.39117
604 257255.312428
605 257040.436623
606 256722.844874
607 257155.730814
608 256767.282087
609 256350.425901
610 256341.568516
611 256210.701614
612 256190.688283
613 256402.378896
614 256304.23327
615 256497.365262
616 256385.402143
617 256082.797683
618 256376.2128
619 256240.985578
620 256057.639098
621 255539.780752
622 255358.05672
623 255349.273941
624 255466.51181
625 255312.869259
626 255440.442086
627 255280.931606
628 255253.466848
629 255544.961075
630 255111.226105
631 254987.213218
632 255496.440787
633 256705.288363
634 256204.870823
635 255897.681045
636 256446.099029
637 255103.515621
638 255134.00969
639 255335.851538
640 254995.39667
641 255047.764148
642 255969.649802
643 255791.194557
644 257571.132774
645 257329.853583
646 256443.907431
647 255140.386169
648 255014.209915
649 254490.523193
650 254920.185827
651 255140.693196
652 255086.926249
653 254736.586351
654 254546.350495
655 254945.382183
656 254853.203242
657 254602.654889
658 253545.959102
659 253343.656869
660 253245.735511
661 253236.807518
662 253230.52123
663 253066.364459
664 253667.750788
665 252812.627524
666 253161.349616
667 252818.094801
668 252627.693474
669 252526.323369
670 252482.179119
671 253006.993444
672 253968.189132
673 254235.75504
674 253395.552468
675 253583.960513
676 252813.02516
677 252450.490621
678 252175.815594
679 252106.3632
680 252027.296832
681 251984.93998
682 251973.616647
683 251972.040151
684 252217.663157
685 252078.579857
686 251887.625992
687 251779.382516
688 251767.041062
689 251753.687818
690 251940.704648
691 251642.680987
692 251637.104163
693 251800.633484
694 252429.418875
695 251933.425573
696 251660.542502
697 251664.687718
698 251897.394504
699 251528.738191
700 251781.401631
701 251459.982441
702 252248.557077
703 252906.610881
704 253178.476571
705 253434.926945
706 253242.174527
707 253529.786908
708 253250.855622
709 251688.697845
710 251956.54091
711 251748.058594
712 251448.065613
713 251086.736246
714 251070.540722
715 251010.347017
716 251072.603845
717 251696.805913
718 252822.046618
719 252686.080622
720 251743.23051
721 251288.465202
722 252174.542073
723 253427.872671
724 253647.173535
725 252077.17947
726 251511.50313
727 251764.422584
728 251476.839679
729 250907.725757
730 251130.749225
731 251377.799672
732 251628.166906
733 251403.554309
734 251138.347757
735 250971.71698
736 250840.888722
737 250649.06192
738 250713.584589
739 250801.066512
740 250369.394018
741 250354.132941
742 250287.225595
743 250189.362713
744 250155.657675
745 250146.746472
746 250136.638513
