0 641400.0
1 638124.0
2 634848.0
3 631572.0
4 628296.0
5 625020.0
6 621744.0
7 618468.0
8 615192.0
9 611916.0
10 608640.0
11 605364.0
12 602088.0
13 598812.0
14 595536.0
15 598812.0
16 602088.0
17 598812.0
18 595536.0
19 592260.0
20 595536.0
21 598812.0
22 595536.0
23 598812.0
24 595536.0
25 592260.0
26 588984.0
27 585708.0
28 588984.0
29 585708.0
30 582432.0
31 579156.0
32 582432.0
33 579156.0
34 575880.0
35 572604.0
36 575880.0
37 572604.0
38 569328.0
39 572604.0
40 569328.0
41 566052.0
42 562776.0
43 559500.0
44 556224.0
45 559500.0
46 556224.0
47 552948.0
48 549672.0
49 552948.0
50 549672.0
51 552948.0
52 549672.0
53 546396.0
54 549672.0
55 552948.0
56 549672.0
57 546396.0
58 543120.0
59 539844.0
60 536568.0
61 533292.0
62 530016.0
63 526740.0
64 523464.0
65 520188.0
66 516912.0
67 513636.0
68 510360.0
69 507084.0
70 510360.0
71 507084.0
72 503808.0
73 500532.0
74 497256.0
75 493980.0
76 490704.0
77 493980.0
78 490704.0
79 487428.0
80 484152.0
81 480876.0
82 477600.0
83 474324.0
84 471048.0
85 474324.0
86 471048.0
87 467772.0
88 464496.0
89 467772.0
90 464496.0
91 461220.0
92 457944.0
93 454668.0
94 451392.0
95 448116.0
96 451392.0
97 448116.0
98 444840.0
99 441564.0
100 444840.0
101 441564.0
102 444840.0
103 441564.0
104 438288.0
105 441564.0
106 444840.0
107 441564.0
108 444840.0
109 441564.0
110 444840.0
111 441564.0
112 438288.0
113 435012.0
114 438288.0
115 435012.0
116 431736.0
117 428460.0
118 425184.0
119 421908.0
120 425184.0
121 428460.0
122 425184.0
123 428460.0
124 425184.0
125 421908.0
126 425184.0
127 421908.0
128 418632.0
129 415356.0
130 412080.0
131 408804.0
132 412080.0
133 408804.0
134 405528.0
135 408804.0
136 412080.0
137 408804.0
138 405528.0
139 402252.0
140 405528.0
141 408804.0
142 405528.0
143 402252.0
144 398976.0
145 395700.0
146 392424.0
147 389148.0
148 385872.0
149 382596.0
150 379320.0
151 382596.0
152 385872.0
153 389148.0
154 385872.0
155 382596.0
156 379320.0
157 376044.0
158 372768.0
159 369492.0
160 366216.0
161 362940.0
162 366216.0
163 369492.0
164 366216.0
165 362940.0
166 366216.0
167 369492.0
168 366216.0
169 362940.0
170 366216.0
171 369492.0
172 366216.0
173 369492.0
174 366216.0
175 362940.0
176 359664.0
177 356388.0
178 353112.0
179 349836.0
180 353112.0
181 349836.0
182 346560.0
183 349836.0
184 346560.0
185 343284.0
186 340008.0
187 343284.0
188 340008.0
189 336732.0
190 340008.0
191 343284.0
192 346560.0
193 349836.0
194 346560.0
195 349836.0
196 346560.0
197 343284.0
198 346560.0
199 349836.0
200 346560.0
201 349836.0
202 346560.0
203 343284.0
204 340008.0
205 336732.0
206 333456.0
207 330180.0
208 326904.0
209 323628.0
210 320352.0
211 317076.0
212 313800.0
213 313800.0
214 317076.0
215 313800.0
216 313800.0
217 313800.0
218 313800.0
219 313800.0
220 313800.0
221 313800.0
222 313800.0
223 313800.0
224 313800.0
225 313800.0
